1000
905
599
299
890
379
962
925
676
939
684
4
532
24
208
98
252
866
970
888
18
614
847
294
226
773
649
842
927
344
893
277
601
492
576
844
871
539
769
548
830
805
904
714
112
812
82
978
135
348
749
169
995
328
295
644
170
574
340
63
851
942
907
779
786
131
670
31
852
712
935
567
894
47
976
378
726
616
468
721
944
115
717
114
689
58
529
892
352
436
490
694
397
598
547
461
533
466
356
933
197
311
64
983
389
680
804
463
919
180
442
609
238
323
853
759
877
432
679
924
181
629
823
643
515
289
351
448
838
35
111
902
371
500
934
175
963
262
94
496
704
55
86
27
261
29
139
138
813
414
799
237
990
314
878
693
728
225
971
451
78
906
626
393
168
73
889
480
604
741
357
743
232
522
913
998
517
65
236
859
731
552
846
183
633
423
507
84
501
413
247
488
136
510
968
816
62
525
210
646
48
476
917
541
880
777
272
699
681
470
882
666
103
747
154
166
994
440
654
483
950
974
417
36
825
628
682
873
104
327
790
645
559
269
258
953
92
493
619
986
234
722
85
80
915
221
214
901
257
391
292
264
985
407
982
678
251
141
631
695
33
220
325
119
961
566
551
494
231
72
760
688
97
447
79
140
478
411
840
390
530
153
956
81
0
768
802
580
561
445
673
732
44
770
342
849
482
322
531
783
909
87
848
279
203
433
546
637
536
763
116
265
472
349
869
691
713
320
526
113
361
608
341
146
506
931
821
46
641
808
71
256
677
542
300
862
826
820
947
178
318
964
278
658
785
636
43
958
503
89
839
811
858
999
467
776
767
418
638
593
765
164
199
795
209
745
932
845
701
230
841
394
52
891
980
519
109
99
803
996
38
366
589
150
347
920
761
165
535
806
656
674
495
755
83
911
605
518
301
972
117
242
863
392
420
739
10
831
296
128
126
304
60
57
575
624
313
610
734
800
744
489
188
274
280
594
973
720
563
690
456
13
989
336
428
855
687
817
383
101
8
282
921
228
597
26
271
186
380
607
587
404
992
142
922
595
930
564
316
792
374
192
93
67
133
211
298
100
798
754
554
248
477
724
843
308
324
625
591
705
206
697
652
740
752
306
550
592
435
543
868
867
560
459
335
263
249
224
954
273
959
227
403
979
286
623
421
410
725
737
120
370
260
426
606
385
898
439
355
200
77
498
815
353
864
430
602
771
416
331
686
157
581
41
358
509
540
984
938
544
885
940
39
455
443
513
600
446
74
310
457
966
642
212
668
241
40
333
343
751
558
650
1
960
683
758
757
215
460
66
75
196
659
408
32
822
520
204
129
874
516
828
444
375
309
903
727
108
386
438
718
579
651
549
254
51
398
667
801
497
406
223
827
253
107
246
307
733
796
15
897
630
837
96
381
857
615
473
14
121
766
781
809
162
207
951
696
706
59
290
692
174
365
217
377
573
158
876
372
582
50
56
110
400
177
239
427
753
28
429
928
611
789
469
511
793
458
672
860
685
778
88
123
585
22
957
929
756
875
184
267
486
617
534
244
829
908
95
415
350
527
23
339
284
450
276
735
545
926
37
993
409
364
774
479
639
275
235
388
711
485
405
359
368
702
708
69
240
152
160
155
218
556
703
833
198
590
11
250
618
981
834
946
627
159
662
588
596
315
775
471
305
171
179
2
216
502
730
936
553
7
53
719
748
524
285
949
787
710
419
151
521
977
555
45
118
17
362
20
538
453
675
346
431
144
5
562
499
303
910
700
465
16
665
738
923
319
312
6
729
884
523
474
707
124
330
125
807
586
635
288
281
384
788
187
134
948
660
243
655
161
723
132
21
338
832
537
399
193
25
584
182
195
373
865
715
742
382
3
259
68
127
354
914
861
883
452
569
762
302
780
143
61
176
437
583
42
334
441
784
337
634
750
657
122
487
202
34
9
814
147
454
621
664
648
620
514
137
360
663
782
105
70
219
266
965
484
557
422
396
504
434
363
669
163
571
425
613
969
395
955
345
475
528
12
172
671
189
578
895
205
387
987
268
367
937
899
818
167
967
941
886
270
283
512
54
896
90
850
698
222
991
369
900
317
622
148
91
332
213
229
568
376
245
881
287
412
464
997
255
19
764
201
449
149
772
326
943
297
872
30
716
145
402
975
233
106
76
653
291
810
293
797
912
835
612
854
572
570
918
481
887
491
945
916
424
321
603
156
632
879
952
647
819
102
640
988
173
505
49
836
401
191
185
190
794
746
870
709
856
508
194
661
577
824
130
329
791
565
462
736
